Test loss: 0.019180
Test accuracy: 0.995100

              precision    recall  f1-score   support

           0     0.9959    0.9980    0.9969       980
           1     0.9982    1.0000    0.9991      1135
           2     0.9942    0.9961    0.9952      1032
           3     0.9970    0.9970    0.9970      1010
           4     0.9939    0.9959    0.9949       982
           5     0.9911    0.9944    0.9927       892
           6     0.9969    0.9937    0.9953       958
           7     0.9932    0.9932    0.9932      1028
           8     0.9979    0.9938    0.9959       974
           9     0.9920    0.9881    0.9901      1009

    accuracy                         0.9951     10000
   macro avg     0.9950    0.9950    0.9950     10000
weighted avg     0.9951    0.9951    0.9951     10000
